Plug Plate: 1597A
Date: 2011-01-06

    Meas X    Meas Y     Nom X     Nom Y     Err X     Err Y  Meas D   Nom D   Round
   -72.940   121.734   -73.140   121.705     0.200     0.029   2.170   2.167   0.003
   231.469   204.196   231.279   204.187     0.189     0.009   2.169   2.167   0.003
   196.178   114.676   195.986   114.666     0.191     0.009   2.172   2.167   0.003
  -162.994  -224.797  -163.193  -224.842     0.199     0.045   2.172   2.167   0.003
  -178.252   108.053  -178.461   108.014     0.209     0.039   2.170   2.167   0.002
    19.028  -218.385    18.833  -218.419     0.195     0.035   2.173   2.167   0.003
  -200.623   -99.743  -200.826   -99.787     0.203     0.044   2.171   2.167   0.005
    51.050   103.294    50.852   103.276     0.198     0.018   2.170   2.167   0.002
   219.742   -49.409   219.550   -49.426     0.191     0.017   2.176   2.167   0.004
   111.823   -72.597   111.627   -72.615     0.196     0.018   2.171   2.167   0.002
   -44.629   -59.619   -44.831   -59.656     0.202     0.036   2.173   2.167   0.004
  -226.305  -136.429  -226.509  -136.473     0.204     0.044   2.171   2.167   0.001
  -195.260  -137.421  -195.462  -137.465     0.202     0.045   2.175   2.167   0.004
  -239.040  -138.051  -239.247  -138.096     0.207     0.045   2.172   2.167   0.004
  -205.225  -153.626  -205.430  -153.671     0.206     0.044   2.172   2.167   0.004
  -228.074  -155.590  -228.275  -155.633     0.201     0.043   2.171   2.167   0.005
  -190.659  -155.627  -190.864  -155.674     0.205     0.047   2.172   2.167   0.002
  -234.174  -158.541  -234.377  -158.587     0.203     0.046   2.173   2.167   0.004
  -237.708  -164.898  -237.911  -164.949     0.203     0.051   2.176   2.167   0.003
  -242.477  -173.212  -242.680  -173.260     0.202     0.048   2.173   2.167   0.002
  -214.844  -175.573  -215.045  -175.621     0.201     0.048   2.175   2.167   0.004
  -183.259  -179.031  -183.458  -179.076     0.199     0.045   2.172   2.167   0.003
  -201.712  -180.816  -201.911  -180.859     0.199     0.043   2.173   2.167   0.003
  -199.123  -196.008  -199.326  -196.052     0.204     0.044   2.171   2.167   0.001
  -201.422  -198.547  -201.623  -198.587     0.201     0.040   2.170   2.167   0.002
  -234.953  -201.814  -235.156  -201.860     0.203     0.046   2.172   2.167   0.002
  -184.742  -203.692  -184.945  -203.732     0.203     0.040   2.169   2.167   0.002
  -216.616  -205.163  -216.820  -205.209     0.203     0.045   2.172   2.167   0.003
  -195.923  -219.197  -196.124  -219.244     0.201     0.048   2.171   2.167   0.006
  -189.256  -229.357  -189.458  -229.398     0.202     0.042   2.171   2.167   0.003
  -200.243  -236.858  -200.450  -236.896     0.207     0.038   2.171   2.167   0.003
  -167.240  -126.031  -167.443  -126.075     0.203     0.044   2.173   2.167   0.004
  -154.915  -130.586  -155.118  -130.634     0.203     0.048   2.174   2.167   0.005
  -164.241  -134.406  -164.444  -134.451     0.202     0.045   2.175   2.167   0.005
  -111.397  -140.893  -111.600  -140.935     0.203     0.042   2.170   2.167   0.005
  -130.240  -149.129  -130.444  -149.169     0.204     0.040   2.170   2.167   0.003
  -122.737  -163.624  -122.941  -163.667     0.204     0.044   2.172   2.167   0.004
  -171.638  -167.157  -171.842  -167.203     0.204     0.046   2.171   2.167   0.005
  -126.066  -173.045  -126.269  -173.087     0.204     0.042   2.172   2.167   0.004
  -154.612  -176.388  -154.816  -176.434     0.204     0.046   2.171   2.167   0.005
  -167.150  -178.342  -167.351  -178.385     0.201     0.044   2.171   2.167   0.003
  -109.245  -188.102  -109.446  -188.144     0.202     0.042   2.172   2.167   0.006
  -152.790  -188.601  -152.990  -188.643     0.200     0.042   2.174   2.167   0.003
  -116.092  -192.637  -116.289  -192.682     0.197     0.044   2.175   2.167   0.005
  -120.636  -195.660  -120.837  -195.703     0.201     0.044   2.172   2.167   0.005
  -179.648  -200.748  -179.846  -200.796     0.198     0.048   2.174   2.167   0.006
  -123.158  -205.872  -123.362  -205.915     0.204     0.043   2.170   2.167   0.005
  -108.573  -229.073  -108.780  -229.113     0.207     0.040   2.170   2.167   0.004
  -159.487  -236.247  -159.687  -236.290     0.200     0.043   2.171   2.167   0.003
  -171.717  -237.897  -171.920  -237.940     0.203     0.044   2.172   2.167   0.005
  -159.292  -240.570  -159.489  -240.614     0.197     0.044   2.174   2.167   0.005
  -107.264  -126.289  -107.464  -126.330     0.200     0.041   2.172   2.167   0.006
   -79.406  -128.866   -79.609  -128.899     0.204     0.033   2.169   2.167   0.001
   -34.166  -132.707   -34.364  -132.738     0.198     0.031   2.171   2.167   0.005
   -80.956  -146.147   -81.161  -146.183     0.204     0.037   2.169   2.167   0.004
   -44.681  -155.305   -44.881  -155.342     0.200     0.037   2.172   2.167   0.004
   -85.116  -170.792   -85.316  -170.836     0.201     0.044   2.172   2.167   0.003
   -42.614  -171.519   -42.811  -171.551     0.197     0.031   2.171   2.167   0.002
   -88.532  -183.472   -88.735  -183.510     0.203     0.038   2.168   2.167   0.005
   -60.461  -184.281   -60.659  -184.317     0.198     0.036   2.169   2.167   0.003
   -47.000  -185.969   -47.195  -186.007     0.195     0.037   2.164   2.167   0.006
   -58.736  -196.312   -58.929  -196.351     0.194     0.039   2.172   2.167   0.005
   -63.862  -203.107   -64.062  -203.146     0.199     0.039   2.174   2.167   0.004
   -87.117  -204.047   -87.318  -204.086     0.202     0.039   2.170   2.167   0.001
   -96.809  -205.787   -97.010  -205.828     0.200     0.041   2.173   2.167   0.003
   -73.516  -224.635   -73.717  -224.677     0.201     0.042   2.171   2.167   0.005
   -70.588  -227.703   -70.788  -227.738     0.200     0.035   2.172   2.167   0.002
   -58.816  -227.980   -59.015  -228.014     0.200     0.034   2.173   2.167   0.004
   -30.063  -233.473   -30.261  -233.506     0.198     0.034   2.173   2.167   0.007
   -75.262  -238.745   -75.462  -238.785     0.200     0.040   2.172   2.167   0.002
    25.632  -130.819    25.434  -130.847     0.197     0.028   2.173   2.167   0.005
    29.582  -134.826    29.387  -134.857     0.194     0.032   2.170   2.167   0.001
    24.303  -147.208    24.111  -147.241     0.192     0.033   2.175   2.167   0.004
    42.971  -157.920    42.779  -157.953     0.192     0.032   2.172   2.167   0.004
     1.971  -163.978     1.776  -164.013     0.195     0.035   2.172   2.167   0.006
    40.340  -167.631    40.143  -167.661     0.197     0.031   2.171   2.167   0.003
     1.407  -168.279     1.211  -168.315     0.196     0.036   2.174   2.167   0.001
     6.871  -169.496     6.677  -169.528     0.193     0.032   2.173   2.167   0.002
    13.189  -172.755    12.997  -172.785     0.192     0.030   2.173   2.167   0.002
    11.797  -178.670    11.600  -178.700     0.197     0.030   2.173   2.167   0.003
    17.319  -194.999    17.124  -195.028     0.195     0.029   2.170   2.167   0.002
    37.529  -197.938    37.333  -197.970     0.196     0.032   2.172   2.167   0.002
   -22.446  -199.831   -22.645  -199.865     0.198     0.034   2.172   2.167   0.006
   -10.941  -201.381   -11.138  -201.406     0.197     0.026   2.167   2.167   0.010
    55.997  -212.938    55.805  -212.964     0.192     0.026   2.173   2.167   0.002
    52.228  -215.746    52.034  -215.773     0.194     0.027   2.174   2.167   0.003
    30.436  -220.841    30.240  -220.872     0.196     0.031   2.172   2.167   0.004
    -6.476  -224.608    -6.672  -224.638     0.196     0.030   2.173   2.167   0.004
    36.434  -228.180    36.241  -228.208     0.193     0.027   2.173   2.167   0.003
    -0.971  -240.427    -1.169  -240.461     0.197     0.034   2.172   2.167   0.003
    59.340  -137.146    59.148  -137.174     0.192     0.029   2.173   2.167   0.002
    60.679  -141.168    60.482  -141.198     0.197     0.029   2.173   2.167   0.003
   113.179  -145.858   112.987  -145.876     0.193     0.018   2.174   2.167   0.002
    89.153  -148.055    88.960  -148.078     0.193     0.022   2.175   2.167   0.005
   102.829  -148.792   102.641  -148.812     0.187     0.020   2.175   2.167   0.000
    79.686  -157.455    79.491  -157.481     0.195     0.025   2.173   2.167   0.002
    85.078  -170.778    84.887  -170.806     0.192     0.028   2.174   2.167   0.003
    71.427  -176.580    71.232  -176.612     0.195     0.032   2.171   2.167   0.004
   106.182  -178.129   105.984  -178.154     0.198     0.025   2.174   2.167   0.003
   126.395  -183.623   126.204  -183.643     0.191     0.021   2.173   2.167   0.004
    87.362  -185.085    87.169  -185.111     0.194     0.026   2.172   2.167   0.004
   108.513  -185.393   108.321  -185.414     0.192     0.021   2.175   2.167   0.004
   128.400  -194.033   128.205  -194.053     0.195     0.020   2.173   2.167   0.003
    71.873  -197.418    71.678  -197.443     0.196     0.024   2.173   2.167   0.002
    78.404  -202.679    78.207  -202.703     0.197     0.024   2.173   2.167   0.003
   132.207  -211.056   132.009  -211.073     0.197     0.017   2.172   2.167   0.003
    69.562  -216.578    69.372  -216.608     0.190     0.030   2.176   2.167   0.002
    62.852  -225.248    62.657  -225.272     0.195     0.025   2.175   2.167   0.005
    97.489  -228.245    97.295  -228.270     0.194     0.025   2.175   2.167   0.005
   103.240  -231.864   103.050  -231.887     0.191     0.024   2.173   2.167   0.006
   197.891  -127.596   197.699  -127.602     0.192     0.006   2.172   2.167   0.004
   161.529  -129.131   161.336  -129.142     0.193     0.011   2.176   2.167   0.003
   184.992  -130.816   184.797  -130.829     0.195     0.014   2.175   2.167   0.001
   148.807  -133.114   148.615  -133.126     0.191     0.011   2.174   2.167   0.003
   144.057  -135.500   143.865  -135.514     0.192     0.013   2.172   2.167   0.003
   160.378  -139.062   160.188  -139.075     0.191     0.013   2.174   2.167   0.002
   199.374  -141.218   199.183  -141.231     0.190     0.013   2.174   2.167   0.005
   195.152  -147.601   194.959  -147.613     0.193     0.012   2.172   2.167   0.002
   173.446  -148.007   173.254  -148.017     0.192     0.010   2.176   2.167   0.003
   168.716  -148.690   168.528  -148.700     0.187     0.010   2.178   2.167   0.002
   180.957  -150.661   180.768  -150.676     0.190     0.015   2.176   2.167   0.007
   163.356  -153.569   163.164  -153.587     0.192     0.018   2.176   2.167   0.003
   199.409  -161.897   199.207  -161.912     0.203     0.015   2.165   2.167   0.028
   195.108  -165.114   194.918  -165.129     0.190     0.015   2.173   2.167   0.002
   199.476  -167.390   199.286  -167.401     0.190     0.011   2.176   2.167   0.003
   198.727  -185.986   198.534  -185.999     0.193     0.013   2.177   2.167   0.002
   159.761  -192.200   159.568  -192.215     0.193     0.015   2.176   2.167   0.003
   187.239  -192.295   187.048  -192.310     0.191     0.015   2.177   2.167   0.005
   202.104  -218.405   201.914  -218.420     0.190     0.015   2.180   2.167   0.003
   140.611  -225.513   140.420  -225.531     0.192     0.018   2.178   2.167   0.001
   235.776  -126.422   235.588  -126.435     0.189     0.012   2.177   2.167   0.004
   245.718  -126.870   245.526  -126.881     0.192     0.011   2.177   2.167   0.001
   219.481  -130.529   219.287  -130.540     0.193     0.011   2.173   2.167   0.003
   293.911  -131.434   293.717  -131.446     0.194     0.012   2.173   2.167   0.007
   271.993  -134.804   271.798  -134.819     0.195     0.015   2.172   2.167   0.002
   232.898  -136.815   232.705  -136.828     0.193     0.013   2.173   2.167   0.003
   241.606  -139.088   241.415  -139.100     0.191     0.012   2.176   2.167   0.006
   283.247  -147.935   283.049  -147.947     0.198     0.012   2.172   2.167   0.003
   234.017  -153.422   233.826  -153.439     0.191     0.016   2.177   2.167   0.002
   235.506  -161.987   235.315  -161.997     0.191     0.011   2.174   2.167   0.006
   252.070  -165.982   251.875  -165.997     0.195     0.015   2.172   2.167   0.003
   241.852  -168.642   241.663  -168.659     0.190     0.017   2.173   2.167   0.007
   275.136  -172.535   274.940  -172.552     0.196     0.017   2.173   2.167   0.004
   205.474  -180.264   205.283  -180.277     0.192     0.013   2.174   2.167   0.004
   202.972  -188.160   202.785  -188.174     0.187     0.013   2.177   2.167   0.005
   231.595  -188.779   231.402  -188.793     0.192     0.014   2.176   2.167   0.004
   249.340  -205.769   249.149  -205.783     0.190     0.014   2.173   2.167   0.004
   212.698  -210.903   212.509  -210.920     0.189     0.017   2.176   2.167   0.002
   220.447  -218.488   220.255  -218.503     0.192     0.015   2.176   2.167   0.002
   220.655  -235.527   220.462  -235.544     0.194     0.018   2.175   2.167   0.002
  -246.023   -22.954  -246.230   -22.999     0.207     0.044   2.172   2.167   0.003
  -169.749   -25.132  -169.954   -25.171     0.204     0.039   2.173   2.167   0.005
  -217.410   -35.659  -217.621   -35.703     0.211     0.044   2.173   2.167   0.006
  -169.873   -38.521  -170.076   -38.567     0.203     0.046   2.175   2.167   0.007
  -200.889   -39.618  -201.098   -39.661     0.210     0.044   2.172   2.167   0.005
  -190.357   -41.707  -190.564   -41.749     0.207     0.042   2.173   2.167   0.005
  -250.608   -46.240  -250.824   -46.286     0.216     0.046   2.174   2.167   0.007
  -176.935   -49.764  -177.140   -49.806     0.205     0.041   2.170   2.167   0.005
  -173.213   -60.456  -173.415   -60.496     0.202     0.041   2.172   2.167   0.004
  -184.049   -66.811  -184.254   -66.850     0.205     0.039   2.171   2.167   0.005
  -194.591   -75.892  -194.794   -75.931     0.203     0.039   2.171   2.167   0.004
  -217.681   -75.971  -217.880   -76.012     0.198     0.041   2.172   2.167   0.003
  -167.918   -78.602  -168.119   -78.644     0.202     0.042   2.176   2.167   0.007
  -195.363   -86.794  -195.568   -86.835     0.205     0.041   2.172   2.167   0.005
  -173.851   -89.895  -174.050   -89.934     0.199     0.040   2.173   2.167   0.010
  -207.723   -91.393  -207.924   -91.435     0.200     0.041   2.174   2.167   0.005
  -227.361   -94.477  -227.561   -94.517     0.200     0.040   2.171   2.167   0.002
  -226.072  -106.955  -226.274  -107.000     0.202     0.044   2.173   2.167   0.004
  -193.835  -107.694  -194.038  -107.738     0.203     0.044   2.172   2.167   0.005
  -207.763  -116.349  -207.965  -116.388     0.202     0.040   2.173   2.167   0.003
  -147.774   -17.168  -147.982   -17.207     0.208     0.040   2.173   2.167   0.006
  -159.087   -18.321  -159.288   -18.365     0.201     0.043   2.171   2.167   0.005
  -166.637   -19.459  -166.841   -19.500     0.204     0.041   2.171   2.167   0.002
  -137.546   -25.330  -137.751   -25.370     0.205     0.040   2.172   2.167   0.005
  -134.307   -28.762  -134.514   -28.802     0.206     0.040   2.172   2.167   0.005
  -121.628   -37.645  -121.836   -37.685     0.208     0.041   2.170   2.167   0.002
  -154.710   -37.993  -154.912   -38.035     0.202     0.042   2.172   2.167   0.007
  -162.962   -40.200  -163.163   -40.242     0.201     0.042   2.173   2.167   0.007
  -139.337   -45.252  -139.542   -45.293     0.205     0.041   2.172   2.167   0.004
  -159.028   -46.209  -159.230   -46.251     0.201     0.042   2.173   2.167   0.005
  -155.638   -51.661  -155.840   -51.698     0.202     0.036   2.169   2.167   0.004
  -154.875   -61.425  -155.077   -61.472     0.202     0.046   2.173   2.167   0.007
  -167.565   -70.671  -167.765   -70.714     0.200     0.044   2.174   2.167   0.004
  -128.152   -73.434  -128.359   -73.473     0.206     0.039   2.170   2.167   0.003
  -149.671   -78.339  -149.876   -78.379     0.205     0.040   2.172   2.167   0.003
  -129.651   -82.217  -129.856   -82.259     0.205     0.042   2.171   2.167   0.004
  -136.661   -94.464  -136.868   -94.508     0.207     0.044   2.171   2.167   0.003
  -154.527   -95.919  -154.727   -95.962     0.200     0.043   2.173   2.167   0.005
  -150.791   -97.097  -150.999   -97.141     0.207     0.044   2.171   2.167   0.004
  -144.169  -112.764  -144.373  -112.804     0.203     0.040   2.169   2.167   0.003
   -59.003   -15.206   -59.209   -15.238     0.205     0.032   2.169   2.167   0.005
   -79.425   -16.381   -79.631   -16.416     0.207     0.034   2.166   2.167   0.006
  -117.183   -19.827  -117.386   -19.865     0.203     0.038   2.170   2.167   0.003
  -109.627   -35.133  -109.830   -35.169     0.203     0.036   2.169   2.167   0.005
   -69.705   -37.263   -69.912   -37.298     0.207     0.034   2.168   2.167   0.003
   -82.296   -49.222   -82.501   -49.255     0.205     0.033   2.170   2.167   0.003
   -57.078   -52.906   -57.279   -52.938     0.201     0.032   2.172   2.167   0.002
  -120.281   -60.315  -120.487   -60.354     0.206     0.039   2.171   2.167   0.004
  -101.186   -62.499  -101.381   -62.532     0.195     0.032   2.160   2.167   0.025
   -89.172   -69.211   -89.369   -69.240     0.197     0.029   2.156   2.167   0.021
   -86.230   -88.305   -86.431   -88.340     0.201     0.034   2.160   2.167   0.018
  -116.486   -92.622  -116.691   -92.658     0.205     0.036   2.171   2.167   0.004
   -87.817   -96.634   -88.020   -96.673     0.203     0.038   2.173   2.167   0.004
   -61.609  -101.283   -61.811  -101.317     0.201     0.033   2.169   2.167   0.002
  -114.103  -102.068  -114.309  -102.111     0.206     0.043   2.167   2.167   0.016
   -55.393  -103.841   -55.589  -103.871     0.196     0.029   2.172   2.167   0.002
   -85.746  -104.606   -85.951  -104.646     0.205     0.040   2.173   2.167   0.003
   -80.998  -108.208   -81.205  -108.246     0.207     0.037   2.170   2.167   0.005
  -110.410  -112.681  -110.613  -112.719     0.204     0.038   2.170   2.167   0.004
   -72.467  -113.233   -72.669  -113.269     0.202     0.036   2.171   2.167   0.005
   -32.391   -18.109   -32.595   -18.138     0.204     0.029   2.168   2.167   0.003
     2.818   -22.045     2.616   -22.074     0.202     0.029   2.164   2.167   0.007
   -29.828   -32.402   -30.029   -32.431     0.201     0.030   2.168   2.167   0.002
   -12.129   -35.339   -12.328   -35.366     0.198     0.027   2.169   2.167   0.001
    -0.036   -37.083    -0.235   -37.116     0.199     0.033   2.171   2.167   0.002
   -12.604   -39.608   -12.803   -39.639     0.199     0.031   2.168   2.167   0.002
    -9.383   -41.152    -9.584   -41.181     0.201     0.029   2.170   2.167   0.003
    -9.528   -49.377    -9.732   -49.407     0.204     0.031   2.170   2.167   0.001
   -18.258   -52.367   -18.464   -52.395     0.207     0.029   2.169   2.167   0.002
     2.575   -55.309     2.380   -55.337     0.195     0.028   2.170   2.167   0.002
   -15.237   -65.528   -15.442   -65.559     0.204     0.031   2.169   2.167   0.002
   -24.781   -68.359   -24.983   -68.391     0.203     0.032   2.171   2.167   0.003
    -5.241   -70.990    -5.440   -71.019     0.199     0.029   2.169   2.167   0.005
   -33.486   -71.212   -33.686   -71.245     0.200     0.033   2.171   2.167   0.004
   -28.235   -76.163   -28.436   -76.196     0.202     0.033   2.171   2.167   0.002
   -33.167   -77.108   -33.369   -77.145     0.202     0.037   2.174   2.167   0.005
   -30.775   -80.911   -30.979   -80.946     0.205     0.035   2.171   2.167   0.005
   -46.069  -104.202   -46.269  -104.237     0.200     0.035   2.171   2.167   0.005
   -45.868  -116.314   -46.071  -116.347     0.203     0.033   2.172   2.167   0.004
   -16.453  -121.699   -16.650  -121.731     0.197     0.032   2.172   2.167   0.003
    35.118   -16.083    34.919   -16.112     0.199     0.029   2.169   2.167   0.001
    10.161   -20.704     9.961   -20.732     0.201     0.028   2.171   2.167   0.001
    50.020   -44.335    49.822   -44.359     0.198     0.025   2.173   2.167   0.002
    24.946   -44.619    24.747   -44.649     0.199     0.030   2.170   2.167   0.002
    18.069   -51.876    17.865   -51.905     0.203     0.028   2.169   2.167   0.003
    30.855   -53.872    30.655   -53.900     0.200     0.027   2.170   2.167   0.003
     6.398   -54.860     6.197   -54.891     0.201     0.031   2.169   2.167   0.003
    31.369   -59.488    31.171   -59.520     0.198     0.032   2.170   2.167   0.003
    25.331   -63.543    25.132   -63.571     0.198     0.028   2.168   2.167   0.003
     7.028   -68.306     6.823   -68.333     0.205     0.027   2.168   2.167   0.003
    18.622   -70.351    18.424   -70.376     0.198     0.025   2.168   2.167   0.001
    57.714   -72.452    57.513   -72.477     0.201     0.025   2.168   2.167   0.003
     7.016   -77.326     6.814   -77.354     0.201     0.029   2.167   2.167   0.003
    23.390   -94.232    23.188   -94.263     0.202     0.031   2.168   2.167   0.004
    57.371   -96.296    57.168   -96.324     0.203     0.028   2.171   2.167   0.002
    40.856  -103.968    40.658  -103.998     0.198     0.029   2.169   2.167   0.004
    58.782  -105.893    58.581  -105.920     0.201     0.027   2.172   2.167   0.004
     6.558  -113.264     6.357  -113.297     0.200     0.033   2.173   2.167   0.004
    60.191  -118.557    59.997  -118.585     0.194     0.028   2.173   2.167   0.004
    54.063  -119.348    53.869  -119.377     0.195     0.029   2.173   2.167   0.004
    82.122   -12.263    81.920   -12.286     0.201     0.022   2.170   2.167   0.002
   124.629   -12.383   124.431   -12.399     0.197     0.016   2.168   2.167   0.002
    84.099   -16.609    83.895   -16.629     0.203     0.021   2.168   2.167   0.002
    99.082   -17.973    98.881   -17.988     0.201     0.015   2.170   2.167   0.003
   126.865   -21.656   126.671   -21.671     0.193     0.014   2.172   2.167   0.001
   124.403   -28.094   124.204   -28.109     0.199     0.015   2.170   2.167   0.002
   109.820   -38.287   109.624   -38.304     0.196     0.017   2.171   2.167   0.002
    74.087   -47.922    73.887   -47.948     0.200     0.027   2.172   2.167   0.004
    94.836   -64.529    94.637   -64.555     0.199     0.026   2.172   2.167   0.004
   102.826   -78.261   102.632   -78.284     0.195     0.023   2.171   2.167   0.002
    79.047   -78.270    78.853   -78.300     0.194     0.030   2.175   2.167   0.002
    66.011   -87.395    65.811   -87.423     0.200     0.028   2.173   2.167   0.003
   118.593   -89.901   118.401   -89.917     0.192     0.016   2.171   2.167   0.000
    69.826   -92.925    69.631   -92.949     0.196     0.024   2.173   2.167   0.003
   117.187  -103.188   116.996  -103.211     0.192     0.023   2.174   2.167   0.003
   108.842  -114.586   108.646  -114.608     0.196     0.022   2.174   2.167   0.003
    83.841  -117.892    83.649  -117.917     0.192     0.025   2.175   2.167   0.002
    96.248  -118.033    96.052  -118.053     0.196     0.020   2.172   2.167   0.003
   103.900  -120.453   103.701  -120.475     0.198     0.022   2.171   2.167   0.003
    69.918  -125.633    69.721  -125.657     0.196     0.023   2.171   2.167   0.005
   172.750   -14.362   172.550   -14.371     0.199     0.008   2.169   2.167   0.002
   138.772   -22.950   138.576   -22.961     0.196     0.012   2.168   2.167   0.002
   145.049   -26.830   144.856   -26.846     0.193     0.015   2.170   2.167   0.002
   155.179   -28.047   154.985   -28.054     0.194     0.007   2.171   2.167   0.003
   156.686   -33.334   156.487   -33.346     0.199     0.011   2.170   2.167   0.002
   170.353   -40.720   170.162   -40.729     0.191     0.009   2.174   2.167   0.001
   149.735   -42.636   149.541   -42.650     0.194     0.014   2.174   2.167   0.003
   135.094   -44.947   134.900   -44.959     0.195     0.013   2.175   2.167   0.001
   163.762   -52.475   163.566   -52.485     0.196     0.010   2.170   2.167   0.001
   136.125   -54.349   135.926   -54.365     0.199     0.016   2.170   2.167   0.005
   154.531   -56.837   154.338   -56.851     0.193     0.013   2.171   2.167   0.002
   172.474   -63.673   172.283   -63.688     0.192     0.015   2.173   2.167   0.001
   175.662   -68.434   175.470   -68.445     0.192     0.011   2.174   2.167   0.002
   165.012   -68.849   164.816   -68.861     0.195     0.012   2.170   2.167   0.004
   140.996   -73.786   140.802   -73.799     0.194     0.012   2.172   2.167   0.004
   128.097   -77.215   127.904   -77.233     0.193     0.017   2.170   2.167   0.002
   173.485   -78.942   173.293   -78.953     0.191     0.011   2.174   2.167   0.002
   139.883  -101.357   139.686  -101.373     0.196     0.016   2.173   2.167   0.002
   161.748  -108.717   161.556  -108.727     0.193     0.009   2.172   2.167   0.004
   128.050  -122.339   127.858  -122.359     0.191     0.020   2.174   2.167   0.003
   196.982   -15.602   196.790   -15.610     0.192     0.008   2.173   2.167   0.004
   189.205   -19.814   189.011   -19.825     0.194     0.011   2.171   2.167   0.005
   192.228   -28.035   192.038   -28.043     0.190     0.008   2.171   2.167   0.001
   188.427   -28.043   188.232   -28.054     0.195     0.012   2.174   2.167   0.004
   224.617   -32.458   224.416   -32.465     0.201     0.008   2.172   2.167   0.004
   206.103   -36.656   205.909   -36.669     0.194     0.013   2.172   2.167   0.003
   190.769   -45.740   190.578   -45.750     0.191     0.010   2.172   2.167   0.003
   180.475   -59.830   180.284   -59.840     0.192     0.010   2.173   2.167   0.003
   190.506   -68.789   190.316   -68.795     0.191     0.006   2.171   2.167   0.003
   204.654   -70.805   204.460   -70.813     0.194     0.007   2.174   2.167   0.004
   225.254   -71.179   225.064   -71.191     0.189     0.013   2.173   2.167   0.002
   218.736   -81.107   218.542   -81.114     0.195     0.008   2.175   2.167   0.003
   217.588   -90.122   217.397   -90.133     0.191     0.012   2.174   2.167   0.004
   206.607  -102.983   206.415  -102.994     0.191     0.011   2.176   2.167   0.002
   229.484  -103.314   229.293  -103.331     0.191     0.016   2.173   2.167   0.003
   224.521  -104.055   224.328  -104.066     0.192     0.011   2.174   2.167   0.002
   220.953  -109.948   220.762  -109.958     0.191     0.010   2.175   2.167   0.004
   188.215  -112.268   188.020  -112.280     0.194     0.011   2.171   2.167   0.005
   191.621  -113.142   191.428  -113.154     0.193     0.012   2.174   2.167   0.004
   225.116  -113.423   224.921  -113.429     0.195     0.006   2.173   2.167   0.005
   301.757   -11.139   301.561   -11.150     0.197     0.010   2.170   2.167   0.002
   232.047   -12.947   231.855   -12.959     0.192     0.011   2.173   2.167   0.003
   242.695   -15.152   242.499   -15.161     0.196     0.009   2.170   2.167   0.001
   289.028   -19.065   288.832   -19.078     0.196     0.013   2.172   2.167   0.003
   244.488   -21.772   244.294   -21.785     0.194     0.013   2.175   2.167   0.002
   318.106   -22.897   317.906   -22.906     0.199     0.009   2.171   2.167   0.002
   241.541   -25.970   241.346   -25.979     0.195     0.010   2.172   2.167   0.002
   300.408   -50.025   300.214   -50.035     0.194     0.010   2.171   2.167   0.002
   243.343   -55.195   243.148   -55.207     0.195     0.012   2.172   2.167   0.004
   303.835   -55.868   303.642   -55.881     0.193     0.013   2.169   2.167   0.001
   275.822   -65.191   275.630   -65.203     0.191     0.013   2.173   2.167   0.004
   291.417   -69.541   291.223   -69.550     0.194     0.009   2.171   2.167   0.003
   304.757   -75.573   304.562   -75.587     0.194     0.014   2.170   2.167   0.004
   301.773   -78.228   301.583   -78.239     0.190     0.011   2.174   2.167   0.002
   292.920   -88.670   292.724   -88.680     0.196     0.010   2.172   2.167   0.004
   234.183   -99.510   233.988   -99.524     0.195     0.014   2.173   2.167   0.003
   263.805  -100.117   263.614  -100.132     0.192     0.015   2.174   2.167   0.004
   236.754  -112.964   236.562  -112.976     0.192     0.012   2.173   2.167   0.004
   289.932  -114.023   289.737  -114.035     0.195     0.013   2.171   2.167   0.003
   235.346  -116.686   235.154  -116.696     0.192     0.010   2.173   2.167   0.003
  -247.230   106.583  -247.440   106.541     0.210     0.042   2.171   2.167   0.005
  -219.474   100.316  -219.685   100.277     0.211     0.039   2.171   2.167   0.002
  -237.480    94.609  -237.688    94.567     0.208     0.043   2.171   2.167   0.001
  -250.801    85.799  -251.011    85.760     0.210     0.039   2.171   2.167   0.004
  -233.820    83.475  -234.030    83.434     0.210     0.041   2.172   2.167   0.005
  -221.553    83.443  -221.762    83.406     0.209     0.037   2.170   2.167   0.004
  -257.176    83.098  -257.388    83.060     0.213     0.039   2.171   2.167   0.002
  -237.222    78.075  -237.431    78.039     0.210     0.035   2.170   2.167   0.003
  -242.207    75.412  -242.422    75.368     0.215     0.044   2.173   2.167   0.004
  -263.932    70.255  -264.146    70.211     0.215     0.044   2.172   2.167   0.003
  -250.063    64.610  -250.273    64.572     0.210     0.038   2.170   2.167   0.002
  -239.320    64.444  -239.530    64.400     0.210     0.045   2.175   2.167   0.005
  -251.025    55.895  -251.237    55.854     0.212     0.041   2.175   2.167   0.004
  -239.898    49.216  -240.112    49.175     0.214     0.041   2.173   2.167   0.003
  -226.902    24.662  -227.111    24.623     0.209     0.039   2.171   2.167   0.003
  -274.668    20.087  -274.879    20.043     0.211     0.045   2.170   2.167   0.004
  -247.616    19.118  -247.827    19.076     0.211     0.042   2.171   2.167   0.003
  -222.876     9.754  -223.087     9.712     0.211     0.043   2.170   2.167   0.002
  -317.509    -8.451  -317.724    -8.499     0.215     0.048   2.172   2.167   0.003
  -220.643   -10.031  -220.849   -10.070     0.206     0.039   2.172   2.167   0.003
  -157.801   101.524  -158.011   101.487     0.209     0.037   2.171   2.167   0.002
  -155.924    94.298  -156.135    94.262     0.211     0.036   2.171   2.167   0.002
  -195.991    93.709  -196.200    93.676     0.209     0.032   2.171   2.167   0.002
  -186.464    92.805  -186.674    92.767     0.210     0.038   2.171   2.167   0.004
  -171.173    86.375  -171.378    86.340     0.205     0.035   2.170   2.167   0.002
  -161.698    84.436  -161.908    84.404     0.211     0.032   2.169   2.167   0.005
  -177.029    82.535  -177.239    82.500     0.211     0.035   2.171   2.167   0.006
  -204.671    79.744  -204.879    79.708     0.207     0.036   2.171   2.167   0.003
  -152.804    76.497  -153.012    76.464     0.207     0.034   2.171   2.167   0.004
  -168.180    68.086  -168.388    68.048     0.208     0.038   2.172   2.167   0.005
  -172.069    61.854  -172.278    61.817     0.209     0.037   2.171   2.167   0.001
  -175.939    52.616  -176.147    52.581     0.207     0.035   2.171   2.167   0.001
  -215.620    44.924  -215.827    44.886     0.207     0.038   2.173   2.167   0.002
  -197.166    44.553  -197.375    44.515     0.209     0.039   2.172   2.167   0.004
  -177.568    41.885  -177.778    41.844     0.210     0.041   2.173   2.167   0.002
  -157.051    31.953  -157.261    31.914     0.210     0.039   2.172   2.167   0.002
  -184.416    11.475  -184.623    11.435     0.207     0.040   2.173   2.167   0.002
  -199.454     6.748  -199.666     6.710     0.212     0.038   2.171   2.167   0.001
  -181.977     4.713  -182.186     4.672     0.209     0.040   2.172   2.167   0.002
  -165.209    -5.209  -165.416    -5.250     0.208     0.041   2.171   2.167   0.003
  -114.390    94.629  -114.599    94.595     0.209     0.034   2.170   2.167   0.002
  -108.601    89.364  -108.812    89.328     0.211     0.035   2.172   2.167   0.003
  -148.249    84.647  -148.461    84.611     0.212     0.036   2.171   2.167   0.004
  -124.994    80.894  -125.203    80.861     0.208     0.033   2.170   2.167   0.003
  -104.788    78.219  -104.999    78.188     0.211     0.031   2.170   2.167   0.003
  -103.897    74.877  -104.104    74.846     0.207     0.031   2.170   2.167   0.001
  -134.043    73.900  -134.252    73.866     0.209     0.033   2.169   2.167   0.001
  -143.555    73.288  -143.762    73.253     0.207     0.034   2.170   2.167   0.003
  -144.872    68.158  -145.086    68.121     0.214     0.037   2.170   2.167   0.001
  -134.110    62.490  -134.321    62.458     0.211     0.032   2.172   2.167   0.002
  -121.422    60.515  -121.634    60.481     0.212     0.034   2.174   2.167   0.003
  -150.675    58.207  -150.883    58.171     0.208     0.037   2.171   2.167   0.003
  -145.327    33.006  -145.537    32.967     0.210     0.039   2.171   2.167   0.005
  -129.824    30.840  -130.031    30.804     0.207     0.036   2.168   2.167   0.002
  -100.390    30.336  -100.601    30.302     0.211     0.035   2.170   2.167   0.003
  -139.328    26.392  -139.539    26.352     0.210     0.040   2.170   2.167   0.005
   -92.216    17.252   -92.424    17.219     0.208     0.033   2.169   2.167   0.002
  -113.024     9.309  -113.232     9.270     0.207     0.039   2.171   2.167   0.004
  -120.293     1.789  -120.499     1.752     0.206     0.037   2.169   2.167   0.001
   -89.512   -10.577   -89.722   -10.611     0.210     0.034   2.170   2.167   0.004
   -49.180    89.990   -49.381    89.968     0.202     0.022   2.168   2.167   0.002
   -40.389    84.010   -40.590    83.988     0.201     0.022   2.169   2.167   0.004
   -29.380    61.947   -29.574    61.925     0.195     0.021   2.170   2.167   0.003
   -19.355    61.326   -19.553    61.303     0.198     0.023   2.170   2.167   0.002
   -45.022    56.825   -45.229    56.802     0.208     0.023   2.170   2.167   0.001
   -50.884    49.798   -51.093    49.773     0.209     0.025   2.169   2.167   0.002
   -73.892    47.626   -74.102    47.595     0.210     0.030   2.170   2.167   0.003
   -12.572    46.999   -12.771    46.977     0.199     0.022   2.168   2.167   0.001
   -77.489    43.889   -77.695    43.855     0.206     0.034   2.167   2.167   0.001
   -58.608    35.856   -58.817    35.825     0.209     0.032   2.169   2.167   0.003
   -43.516    30.198   -43.724    30.173     0.208     0.025   2.169   2.167   0.002
   -88.165    23.267   -88.378    23.232     0.213     0.034   2.171   2.167   0.003
   -27.011    20.403   -27.218    20.375     0.207     0.028   2.168   2.167   0.001
   -46.282    20.007   -46.485    19.979     0.204     0.028   2.170   2.167   0.003
   -72.967    18.158   -73.178    18.125     0.211     0.033   2.169   2.167   0.004
   -32.556    17.440   -32.766    17.414     0.210     0.026   2.168   2.167   0.003
   -28.886     8.209   -29.088     8.183     0.202     0.026   2.168   2.167   0.004
   -50.798     5.920   -51.006     5.890     0.208     0.030   2.169   2.167   0.002
   -66.584    -3.971   -66.786    -4.003     0.202     0.032   2.169   2.167   0.001
   -75.473    -7.009   -75.682    -7.042     0.209     0.032   2.170   2.167   0.003
     8.343   106.508     8.145   106.492     0.197     0.016   2.173   2.167   0.004
    -2.550   103.916    -2.747   103.896     0.197     0.020   2.169   2.167   0.003
    27.840    86.417    27.642    86.400     0.198     0.017   2.169   2.167   0.002
    12.331    84.392    12.134    84.374     0.197     0.018   2.170   2.167   0.001
    27.017    52.509    26.825    52.490     0.192     0.019   2.170   2.167   0.001
    35.419    46.291    35.226    46.274     0.193     0.017   2.168   2.167   0.001
    27.777    37.284    27.581    37.263     0.196     0.021   2.168   2.167   0.003
    50.076    36.600    49.879    36.582     0.196     0.019   2.169   2.167   0.002
    40.503    36.177    40.310    36.154     0.193     0.023   2.169   2.167   0.003
    22.732    30.821    22.536    30.801     0.196     0.021   2.168   2.167   0.002
    -8.938    18.789    -9.142    18.766     0.204     0.023   2.167   2.167   0.002
    34.763    16.788    34.559    16.762     0.204     0.026   2.168   2.167   0.002
     9.860    12.211     9.656    12.189     0.205     0.022   2.168   2.167   0.002
    26.073    11.532    25.869    11.508     0.204     0.024   2.166   2.167   0.003
    37.467     2.398    37.264     2.371     0.203     0.027   2.168   2.167   0.004
    14.746    -4.204    14.544    -4.229     0.202     0.025   2.166   2.167   0.006
    48.381    -5.881    48.179    -5.903     0.202     0.022   2.168   2.167   0.002
    30.406    -5.958    30.207    -5.988     0.200     0.030   2.166   2.167   0.010
    39.181    -7.283    38.981    -7.310     0.200     0.027   2.169   2.167   0.003
    21.811   -10.482    21.611   -10.511     0.200     0.030   2.170   2.167   0.003
   110.387   103.946   110.191   103.936     0.196     0.010   2.171   2.167   0.002
    66.580    94.784    66.388    94.768     0.192     0.015   2.169   2.167   0.004
    94.330    82.513    94.137    82.499     0.194     0.014   2.170   2.167   0.003
    71.061    76.207    70.868    76.189     0.194     0.018   2.169   2.167   0.004
    84.272    75.475    84.075    75.459     0.197     0.015   2.171   2.167   0.005
   104.162    73.801   103.966    73.792     0.196     0.009   2.169   2.167   0.004
    96.291    62.153    96.101    62.139     0.191     0.014   2.170   2.167   0.003
    70.686    61.750    70.490    61.737     0.196     0.013   2.171   2.167   0.003
    69.369    57.504    69.173    57.489     0.196     0.015   2.171   2.167   0.003
   119.047    56.284   118.849    56.276     0.197     0.009   2.171   2.167   0.002
   107.876    54.127   107.682    54.114     0.193     0.013   2.169   2.167   0.002
    85.932    53.319    85.740    53.305     0.193     0.014   2.171   2.167   0.003
   102.706    39.923   102.510    39.908     0.196     0.015   2.171   2.167   0.003
    67.148    33.219    66.954    33.198     0.194     0.022   2.170   2.167   0.001
    69.529    28.647    69.333    28.628     0.197     0.019   2.168   2.167   0.003
    51.210    26.391    51.008    26.368     0.203     0.022   2.167   2.167   0.002
   104.233    22.036   104.039    22.021     0.194     0.015   2.170   2.167   0.003
   108.471    19.386   108.279    19.374     0.193     0.013   2.168   2.167   0.004
    76.757    18.549    76.559    18.531     0.197     0.018   2.168   2.167   0.002
    57.949    12.203    57.749    12.178     0.200     0.025   2.170   2.167   0.003
   157.213   103.160   157.019   103.153     0.194     0.007   2.172   2.167   0.005
   144.682    91.916   144.490    91.912     0.192     0.004   2.171   2.167   0.008
   162.502    85.282   162.306    85.276     0.196     0.005   2.168   2.167   0.003
   134.986    77.324   134.794    77.315     0.192     0.009   2.171   2.167   0.006
   177.880    75.988   177.690    75.979     0.191     0.008   2.172   2.167   0.001
   173.739    72.072   173.548    72.067     0.191     0.004   2.171   2.167   0.003
   139.819    57.256   139.626    57.246     0.193     0.010   2.171   2.167   0.002
   123.114    47.751   122.922    47.742     0.192     0.009   2.169   2.167   0.006
   171.437    45.721   171.241    45.716     0.196     0.006   2.172   2.167   0.005
   161.437    44.737   161.241    44.728     0.196     0.009   2.170   2.167   0.002
   142.570    40.621   142.374    40.614     0.196     0.007   2.171   2.167   0.002
   152.685    38.653   152.486    38.644     0.199     0.008   2.171   2.167   0.004
   132.657    31.437   132.463    31.423     0.194     0.015   2.172   2.167   0.003
   144.727    30.636   144.527    30.625     0.200     0.011   2.170   2.167   0.001
   133.446    21.636   133.245    21.623     0.201     0.013   2.169   2.167   0.005
   134.719    13.592   134.526    13.579     0.193     0.012   2.170   2.167   0.002
   147.394    12.148   147.198    12.141     0.196     0.008   2.169   2.167   0.004
   136.036     3.795   135.843     3.785     0.194     0.011   2.170   2.167   0.003
   133.130    -2.995   132.934    -3.008     0.197     0.013   2.170   2.167   0.001
   160.227    -5.427   160.031    -5.437     0.196     0.010   2.170   2.167   0.003
   242.829   106.019   242.638   106.011     0.191     0.008   2.172   2.167   0.004
   184.959   105.050   184.764   105.043     0.195     0.007   2.168   2.167   0.003
   235.913   100.673   235.720   100.670     0.193     0.003   2.172   2.167   0.004
   211.680    95.295   211.491    95.289     0.189     0.006   2.172   2.167   0.004
   224.699    91.824   224.510    91.818     0.189     0.006   2.170   2.167   0.006
   187.620    83.848   187.427    83.842     0.193     0.005   2.169   2.167   0.006
   214.103    78.200   213.916    78.191     0.187     0.008   2.170   2.167   0.008
   247.787    76.528   247.592    76.521     0.195     0.007   2.173   2.167   0.003
   208.653    63.896   208.461    63.892     0.193     0.005   2.168   2.167   0.004
   218.854    58.169   218.663    58.163     0.191     0.006   2.169   2.167   0.002
   208.130    56.417   207.934    56.407     0.196     0.010   2.168   2.167   0.010
   233.504    50.331   233.309    50.324     0.194     0.007   2.170   2.167   0.003
   207.482    39.629   207.282    39.620     0.200     0.009   2.168   2.167   0.006
   218.555    29.827   218.361    29.818     0.195     0.009   2.169   2.167   0.003
   197.219    27.617   197.026    27.610     0.194     0.007   2.169   2.167   0.003
   232.245    18.898   232.049    18.888     0.196     0.011   2.167   2.167   0.002
   207.356    11.372   207.159    11.363     0.197     0.010   2.168   2.167   0.003
   208.183     6.785   207.987     6.775     0.197     0.010   2.169   2.167   0.004
   221.763     3.752   221.568     3.746     0.195     0.006   2.173   2.167   0.005
   217.231    -6.664   217.036    -6.675     0.194     0.012   2.170   2.167   0.005
   299.281   105.906   299.089   105.895     0.192     0.011   2.170   2.167   0.004
   254.259   104.783   254.064   104.776     0.195     0.007   2.170   2.167   0.004
   258.476    97.120   258.282    97.111     0.194     0.009   2.170   2.167   0.002
   262.728    95.135   262.534    95.123     0.194     0.011   2.171   2.167   0.004
   270.766    88.187   270.574    88.178     0.193     0.009   2.171   2.167   0.003
   275.455    83.309   275.264    83.301     0.191     0.009   2.171   2.167   0.002
   311.616    66.392   311.421    66.385     0.195     0.007   2.172   2.167   0.004
   295.889    60.956   295.697    60.947     0.193     0.009   2.170   2.167   0.003
   281.167    58.558   280.974    58.547     0.193     0.010   2.170   2.167   0.002
   275.095    42.525   274.903    42.515     0.192     0.010   2.168   2.167   0.004
   315.167    39.748   314.974    39.737     0.193     0.012   2.168   2.167   0.001
   277.965    35.287   277.776    35.273     0.189     0.014   2.171   2.167   0.004
   315.945    34.289   315.751    34.278     0.194     0.011   2.170   2.167   0.004
   301.192    31.220   301.000    31.207     0.192     0.013   2.173   2.167   0.002
   280.768    25.862   280.577    25.852     0.192     0.010   2.170   2.167   0.002
   296.225    22.399   296.031    22.386     0.194     0.013   2.171   2.167   0.004
   257.181    16.414   256.984    16.405     0.197     0.009   2.170   2.167   0.005
   292.043    15.388   291.851    15.375     0.192     0.013   2.167   2.167   0.002
   297.775    15.248   297.583    15.236     0.192     0.011   2.170   2.167   0.002
   256.517    -3.178   256.325    -3.191     0.192     0.013   2.171   2.167   0.004
  -258.090   192.434  -258.300   192.398     0.209     0.037   2.172   2.167   0.004
  -227.179   191.195  -227.388   191.161     0.209     0.034   2.169   2.167   0.002
  -263.906   187.702  -264.115   187.670     0.209     0.033   2.170   2.167   0.003
  -219.856   186.768  -220.062   186.739     0.206     0.029   2.169   2.167   0.003
  -253.435   186.011  -253.648   185.978     0.213     0.032   2.171   2.167   0.001
  -246.918   185.483  -247.123   185.447     0.206     0.037   2.169   2.167   0.001
  -204.185   182.562  -204.398   182.531     0.212     0.031   2.169   2.167   0.002
  -235.304   182.146  -235.517   182.112     0.213     0.034   2.171   2.167   0.003
  -209.055   175.231  -209.264   175.196     0.209     0.035   2.169   2.167   0.004
  -192.019   171.280  -192.228   171.245     0.209     0.035   2.170   2.167   0.002
  -218.383   167.521  -218.594   167.486     0.210     0.035   2.171   2.167   0.005
  -242.880   163.320  -243.093   163.282     0.213     0.038   2.170   2.167   0.003
  -229.880   161.098  -230.091   161.064     0.211     0.034   2.171   2.167   0.004
  -264.187   160.192  -264.401   160.151     0.213     0.041   2.170   2.167   0.002
  -247.086   157.048  -247.295   157.013     0.209     0.034   2.170   2.167   0.003
  -236.809   155.201  -237.024   155.165     0.214     0.037   2.170   2.167   0.002
  -209.927   147.629  -210.137   147.595     0.210     0.035   2.171   2.167   0.003
  -207.012   141.824  -207.222   141.790     0.210     0.034   2.171   2.167   0.002
  -259.400   122.895  -259.609   122.854     0.209     0.041   2.171   2.167   0.002
  -257.049   114.221  -257.266   114.182     0.216     0.038   2.171   2.167   0.003
  -141.354   209.767  -141.563   209.740     0.209     0.027   2.169   2.167   0.004
  -136.280   207.187  -136.487   207.157     0.207     0.030   2.171   2.167   0.002
  -143.891   203.769  -144.099   203.743     0.209     0.027   2.169   2.167   0.002
  -188.001   202.881  -188.209   202.852     0.209     0.029   2.170   2.167   0.002
  -152.298   202.072  -152.506   202.041     0.208     0.031   2.170   2.167   0.002
  -173.434   187.889  -173.642   187.861     0.208     0.028   2.170   2.167   0.001
  -129.459   171.488  -129.674   171.454     0.215     0.034   2.172   2.167   0.001
  -160.477   164.268  -160.686   164.233     0.209     0.035   2.172   2.167   0.002
  -127.736   163.217  -127.941   163.189     0.205     0.029   2.170   2.167   0.002
  -129.476   151.453  -129.688   151.421     0.212     0.032   2.170   2.167   0.001
  -141.905   150.374  -142.118   150.338     0.213     0.036   2.169   2.167   0.003
  -174.515   141.515  -174.725   141.482     0.210     0.034   2.171   2.167   0.002
  -146.443   131.384  -146.656   131.350     0.213     0.034   2.172   2.167   0.003
  -142.691   131.089  -142.907   131.056     0.216     0.032   2.171   2.167   0.004
  -161.074   128.421  -161.285   128.388     0.211     0.033   2.171   2.167   0.002
  -131.663   128.134  -131.859   128.103     0.197     0.031   2.168   2.167   0.005
  -141.845   121.438  -142.052   121.402     0.207     0.036   2.171   2.167   0.003
  -157.461   116.130  -157.668   116.094     0.206     0.035   2.171   2.167   0.001
  -149.651   110.548  -149.859   110.513     0.208     0.035   2.171   2.167   0.003
  -159.669   109.343  -159.881   109.304     0.211     0.039   2.170   2.167   0.003
   -39.835   217.244   -40.031   217.228     0.196     0.016   2.172   2.167   0.006
   -77.751   214.103   -77.953   214.082     0.202     0.021   2.169   2.167   0.005
   -63.090   195.159   -63.287   195.138     0.197     0.021   2.170   2.167   0.001
   -71.404   195.063   -71.604   195.044     0.200     0.019   2.168   2.167   0.003
   -40.179   189.097   -40.377   189.085     0.198     0.013   2.170   2.167   0.003
   -74.281   180.727   -74.484   180.702     0.203     0.026   2.170   2.167   0.001
   -92.278   180.006   -92.488   179.976     0.210     0.030   2.171   2.167   0.002
   -40.683   178.878   -40.884   178.860     0.201     0.018   2.169   2.167   0.003
   -53.908   178.328   -54.105   178.308     0.198     0.020   2.170   2.167   0.004
  -122.519   177.646  -122.726   177.620     0.207     0.026   2.170   2.167   0.003
   -39.239   170.163   -39.440   170.150     0.201     0.014   2.171   2.167   0.003
   -67.721   167.586   -67.922   167.562     0.201     0.023   2.171   2.167   0.002
  -106.067   167.204  -106.274   167.175     0.207     0.029   2.170   2.167   0.003
   -81.890   160.152   -82.093   160.126     0.203     0.026   2.169   2.167   0.004
   -68.775   155.562   -68.976   155.542     0.201     0.020   2.170   2.167   0.003
  -121.978   152.024  -122.191   151.991     0.213     0.033   2.171   2.167   0.002
   -53.159   134.531   -53.360   134.511     0.200     0.020   2.169   2.167   0.003
   -69.254   132.272   -69.453   132.248     0.199     0.024   2.169   2.167   0.003
  -110.852   110.147  -111.048   110.118     0.197     0.029   2.170   2.167   0.003
   -81.367   108.961   -81.568   108.935     0.201     0.026   2.169   2.167   0.002
   -22.381   222.916   -22.578   222.899     0.197     0.017   2.171   2.167   0.003
    21.289   219.941    21.091   219.925     0.198     0.015   2.170   2.167   0.003
    16.061   218.740    15.868   218.723     0.194     0.017   2.171   2.167   0.004
   -12.425   206.126   -12.620   206.109     0.195     0.016   2.171   2.167   0.003
    12.006   197.178    11.807   197.159     0.200     0.019   2.171   2.167   0.001
     6.791   193.624     6.594   193.611     0.197     0.013   2.168   2.167   0.002
    20.633   186.910    20.434   186.893     0.199     0.017   2.170   2.167   0.005
   -36.406   184.655   -36.610   184.633     0.204     0.022   2.173   2.167   0.002
   -31.825   183.017   -32.025   183.008     0.200     0.010   2.164   2.167   0.014
    -4.720   180.903    -4.917   180.889     0.197     0.014   2.168   2.167   0.008
   -31.635   175.058   -31.832   175.036     0.197     0.021   2.169   2.167   0.004
     0.996   167.887     0.807   167.868     0.189     0.019   2.170   2.167   0.005
    -4.416   164.086    -4.614   164.068     0.198     0.018   2.171   2.167   0.002
    14.944   160.588    14.749   160.573     0.195     0.016   2.171   2.167   0.001
   -37.931   152.553   -38.136   152.532     0.205     0.021   2.170   2.167   0.005
   -11.626   150.975   -11.825   150.959     0.199     0.016   2.169   2.167   0.002
   -17.364   148.914   -17.559   148.891     0.194     0.022   2.171   2.167   0.003
   -30.925   131.532   -31.122   131.511     0.196     0.020   2.169   2.167   0.003
   -10.069   125.601   -10.265   125.584     0.196     0.016   2.169   2.167   0.003
    12.642   124.841    12.447   124.824     0.195     0.017   2.169   2.167   0.004
    29.340   224.937    29.145   224.924     0.195     0.013   2.170   2.167   0.005
   114.408   224.462   114.213   224.460     0.195     0.002   2.173   2.167   0.004
   110.789   222.890   110.595   222.884     0.194     0.005   2.170   2.167   0.004
    64.507   206.942    64.309   206.928     0.197     0.014   2.171   2.167   0.003
    39.477   206.610    39.282   206.596     0.195     0.014   2.171   2.167   0.003
   109.041   199.093   108.847   199.085     0.195     0.008   2.171   2.167   0.002
    57.809   195.301    57.612   195.290     0.197     0.011   2.174   2.167   0.002
    31.871   192.724    31.673   192.707     0.197     0.017   2.170   2.167   0.003
    76.780   191.494    76.586   191.479     0.194     0.015   2.171   2.167   0.004
    94.918   183.357    94.722   183.348     0.196     0.009   2.170   2.167   0.004
    69.967   182.326    69.775   182.314     0.192     0.012   2.170   2.167   0.003
    39.073   180.013    38.877   180.003     0.196     0.010   2.172   2.167   0.003
    65.692   179.971    65.498   179.956     0.195     0.015   2.169   2.167   0.002
    65.371   172.494    65.176   172.478     0.195     0.015   2.173   2.167   0.004
   109.922   171.403   109.728   171.391     0.194     0.012   2.170   2.167   0.004
    35.517   167.945    35.320   167.927     0.197     0.018   2.171   2.167   0.002
    26.982   167.383    26.792   167.367     0.190     0.017   2.170   2.167   0.003
   109.559   159.210   109.363   159.202     0.196     0.008   2.173   2.167   0.003
    69.523   145.099    69.327   145.084     0.196     0.016   2.169   2.167   0.002
    47.188   119.030    46.993   119.013     0.195     0.017   2.168   2.167   0.004
   179.973   245.113   179.784   245.111     0.189     0.002   2.171   2.167   0.002
   186.135   244.801   185.943   244.802     0.192    -0.001   2.171   2.167   0.003
   141.509   242.493   141.316   242.490     0.193     0.003   2.167   2.167   0.002
   163.759   234.598   163.566   234.591     0.193     0.007   2.170   2.167   0.003
   172.936   219.000   172.741   218.997     0.195     0.003   2.171   2.167   0.002
   117.190   206.178   116.995   206.171     0.194     0.007   2.171   2.167   0.003
   128.953   200.944   128.759   200.942     0.194     0.002   2.170   2.167   0.004
   185.447   196.720   185.253   196.720     0.194     0.000   2.172   2.167   0.003
   153.320   190.827   153.126   190.825     0.193     0.002   2.171   2.167   0.008
   163.013   183.998   162.821   183.991     0.192     0.007   2.170   2.167   0.006
   124.782   177.575   124.587   177.569     0.195     0.006   2.169   2.167   0.005
   183.432   172.811   183.240   172.810     0.191     0.001   2.173   2.167   0.003
   115.059   159.200   114.864   159.189     0.195     0.011   2.170   2.167   0.001
   171.695   152.765   171.500   152.764     0.195     0.001   2.172   2.167   0.003
   184.768   144.796   184.574   144.788     0.194     0.008   2.171   2.167   0.003
   183.524   141.128   183.333   141.122     0.191     0.007   2.170   2.167   0.002
   116.128   131.138   115.934   131.130     0.194     0.009   2.167   2.167   0.001
   136.171   119.466   135.976   119.459     0.194     0.007   2.170   2.167   0.002
   164.086   118.862   163.893   118.855     0.193     0.007   2.171   2.167   0.002
   118.974   118.482   118.775   118.470     0.199     0.013   2.171   2.167   0.003
   199.573   253.842   199.380   253.839     0.193     0.003   2.171   2.167   0.002
   204.196   247.858   204.008   247.855     0.188     0.004   2.169   2.167   0.003
   197.769   246.127   197.580   246.124     0.189     0.003   2.170   2.167   0.002
   194.659   241.472   194.467   241.466     0.192     0.005   2.170   2.167   0.003
   230.593   195.789   230.401   195.785     0.192     0.003   2.170   2.167   0.005
   239.847   195.042   239.658   195.035     0.189     0.007   2.172   2.167   0.005
   222.662   187.930   222.469   187.924     0.193     0.006   2.172   2.167   0.006
   202.776   169.188   202.582   169.185     0.194     0.003   2.170   2.167   0.002
   237.715   168.556   237.519   168.549     0.197     0.007   2.171   2.167   0.003
   212.988   160.346   212.797   160.342     0.191     0.004   2.172   2.167   0.001
   287.314   143.421   287.121   143.408     0.192     0.013   2.172   2.167   0.002
   188.724   141.354   188.534   141.349     0.190     0.005   2.170   2.167   0.002
   210.243   139.350   210.046   139.343     0.197     0.007   2.173   2.167   0.004
   218.779   137.206   218.583   137.198     0.195     0.008   2.170   2.167   0.002
   280.675   127.887   280.478   127.877     0.197     0.011   2.170   2.167   0.001
   236.752   127.544   236.558   127.536     0.193     0.008   2.171   2.167   0.001
   206.280   119.798   206.087   119.788     0.193     0.010   2.171   2.167   0.005
   250.022   115.762   249.827   115.756     0.195     0.007   2.171   2.167   0.003
   280.491   113.991   280.301   113.983     0.190     0.008   2.172   2.167   0.003
   263.675   106.657   263.481   106.644     0.193     0.013   2.170   2.167   0.003
