Plug Plate: 2130
Date: 2005-03-07

    Meas X    Meas Y     Nom X     Nom Y     Err X     Err Y  Meas D   Nom D   Round
     5.664     1.641     5.705     1.694    -0.040    -0.052   2.173   2.167   0.004
   -33.834   -71.878   -33.781   -71.836    -0.054    -0.042   2.175   2.167   0.005
    73.800   -29.351    73.848   -29.300    -0.048    -0.051   2.174   2.167   0.003
    79.041    -4.198    79.089    -4.139    -0.048    -0.060   2.174   2.167   0.004
   -74.591    29.380   -74.548    29.429    -0.043    -0.049   2.176   2.167   0.002
  -147.666   -84.122  -147.619   -84.082    -0.047    -0.040   2.175   2.167   0.003
  -139.944  -116.025  -139.891  -115.985    -0.053    -0.040   2.174   2.167   0.001
  -108.751  -147.866  -108.701  -147.828    -0.050    -0.038   2.175   2.167   0.005
   -74.918  -168.899   -74.860  -168.858    -0.058    -0.041   2.175   2.167   0.003
     9.079  -182.721     9.138  -182.674    -0.059    -0.047   2.175   2.167   0.005
    92.432  -159.936    92.495  -159.887    -0.063    -0.049   2.177   2.167   0.002
   180.171   -23.454   180.225   -23.390    -0.054    -0.064   2.173   2.167   0.003
   159.389    80.851   159.430    80.915    -0.041    -0.064   2.176   2.167   0.002
   151.403    85.983   151.443    86.047    -0.041    -0.064   2.175   2.167   0.003
    -8.989   183.182    -8.957   183.241    -0.032    -0.060   2.179   2.167   0.002
   -84.333   155.513   -84.303   155.567    -0.030    -0.054   2.178   2.167   0.001
  -127.959   101.276  -127.924   101.325    -0.036    -0.048   2.177   2.167   0.003
  -267.758  -167.715  -267.710  -167.677    -0.048    -0.038   2.176   2.167   0.001
  -229.760  -193.384  -229.707  -193.349    -0.053    -0.035   2.176   2.167   0.004
  -176.925  -270.951  -176.869  -270.909    -0.056    -0.041   2.175   2.167   0.001
  -142.728  -273.852  -142.669  -273.807    -0.058    -0.045   2.175   2.167   0.005
   -73.839  -286.219   -73.784  -286.179    -0.055    -0.040   2.177   2.167   0.006
    15.264  -288.970    15.325  -288.924    -0.060    -0.046   2.172   2.167   0.008
    87.852  -279.830    87.918  -279.786    -0.066    -0.044   2.177   2.167   0.002
   198.945  -249.831   199.012  -249.779    -0.067    -0.051   2.175   2.167   0.001
   264.555  -187.547   264.621  -187.495    -0.067    -0.053   2.176   2.167   0.002
   274.979  -163.640   275.043  -163.586    -0.063    -0.054   2.174   2.167   0.003
   306.007   -50.030   306.064   -49.971    -0.057    -0.059   2.173   2.167   0.004
   323.267    -4.712   323.323    -4.653    -0.056    -0.059   2.177   2.167   0.005
   305.583   104.137   305.628   104.192    -0.045    -0.055   2.174   2.167   0.003
   255.866   176.058   255.907   176.120    -0.041    -0.061   2.176   2.167   0.005
   219.771   239.030   219.807   239.096    -0.036    -0.066   2.177   2.167   0.007
   205.894   247.869   205.935   247.932    -0.041    -0.063   2.174   2.167   0.004
   181.006   269.281   181.045   269.344    -0.040    -0.062   2.174   2.167   0.003
   139.088   286.842   139.118   286.906    -0.030    -0.064   2.176   2.167   0.007
   100.028   264.613   100.056   264.675    -0.027    -0.062   2.175   2.167   0.005
  -255.032   179.998  -255.001   180.041    -0.031    -0.043   2.177   2.167   0.002
